-19.262, -0.189, -5.021, -210.000, -34.200, -0.929, -3.194, -230.000, 9.000
-34.200, -0.929, -3.194, -230.000, -45.801, 8.259, -4.540, -250.000, 7.232
-45.801, 8.259, -4.540, -250.000, -52.909, 17.194, -3.878, -250.000, 7.197
-52.909, 17.194, -3.878, -250.000, -58.413, 31.740, -6.674, -250.000, 6.451
-58.413, 31.740, -6.674, -250.000, -62.877, 43.517, -8.752, -230.000, 7.364
-62.877, 43.517, -8.752, -230.000, -68.948, 57.656, -9.328, -230.000, 6.711
-68.948, 57.656, -9.328, -230.000, -76.526, 67.330, -11.059, -220.000, 7.327
-76.526, 67.330, -11.059, -220.000, -83.947, 76.704, -14.216, -210.000, 6.643
-83.947, 76.704, -14.216, -210.000, -95.485, 86.294, -16.689, -200.000, 6.570
-95.485, 86.294, -16.689, -200.000, -104.207, 90.930, -18.945, -190.000, 7.242
-104.207, 90.930, -18.945, -190.000, -115.695, 96.080, -22.110, -180.000, 6.111
-115.695, 96.080, -22.110, -180.000, -127.274, 98.808, -21.724, -150.000, 6.710
-127.274, 98.808, -21.724, -150.000, -138.508, 98.731, -19.020, -140.000, 5.356
-138.508, 98.731, -19.020, -140.000, -149.622, 91.109, -18.706, -120.000, 6.410
-149.622, 91.109, -18.706, -120.000, -155.742, 83.915, -15.212, -100.000, 6.906
-155.742, 83.915, -15.212, -100.000, -160.584, 69.373, -12.822, -70.000, 6.015
-160.584, 69.373, -12.822, -70.000, -157.366, 57.491, -12.355, -70.000, 7.314
-157.366, 57.491, -12.355, -70.000, -146.785, 42.814, -10.989, -79.999, 6.648
-146.785, 42.814, -10.989, -79.999, -138.651, 24.361, -9.430, -90.000, 7.925
-138.651, 24.361, -9.430, -90.000, -136.389, 5.034, -9.380, -110.000, 8.382
-136.389, 5.034, -9.380, -110.000, -137.616, -10.143, -10.279, -110.000, 8.226
-137.616, -10.143, -10.279, -110.000, -143.316, -23.274, -11.656, -110.000, 7.292
-143.316, -23.274, -11.656, -110.000, -147.937, -37.347, -10.969, -140.000, 7.091
-147.937, -37.347, -10.969, -140.000, -152.974, -50.811, -10.722, -170.000, 7.200
-152.974, -50.811, -10.722, -170.000, -162.264, -58.850, -9.395, -210.000, 7.104
-162.264, -58.850, -9.395, -210.000, -177.508, -55.561, -10.067, -260.000, 5.443
-177.508, -55.561, -10.067, -260.000, -184.453, -48.481, -10.178, 50.000, 7.373
-184.453, -48.481, -10.178, 50.000, -181.159, -39.041, -11.726, 20.000, 4.120
-181.159, -39.041, -11.726, 20.000, -174.037, -29.372, -12.800, 0.000, 4.138
-174.037, -29.372, -12.800, 0.000, -163.824, -24.614, -16.724, -10.000, 6.581
-163.824, -24.614, -16.724, -10.000, -146.095, -27.040, -17.241, -30.000, 6.418
-146.095, -27.040, -17.241, -30.000, -130.127, -32.033, -17.448, -30.000, 7.881
-130.127, -32.033, -17.448, -30.000, -120.964, -37.752, -16.332, -30.000, 7.624
-120.964, -37.752, -16.332, -30.000, -106.083, -45.446, -15.659, -30.000, 6.315
-106.083, -45.446, -15.659, -30.000, -91.120, -56.215, -13.785, -0.000, 7.629
-91.120, -56.215, -13.785, -0.000, -79.374, -58.768, -12.845, -0.000, 8.000
-79.374, -58.768, -12.845, -0.000, -64.456, -59.070, -12.073, -0.000, 6.584
-64.456, -59.070, -12.073, -0.000, -51.208, -60.360, -13.575, -30.000, 7.225
-51.208, -60.360, -13.575, -30.000, -32.813, -58.316, -12.788, -80.000, 5.669
-32.813, -58.316, -12.788, -80.000, -24.640, -70.217, -13.757, -90.000, 8.016
-24.640, -70.217, -13.757, -90.000, -23.492, -86.719, -13.256, -90.000, 7.117
-23.492, -86.719, -13.256, -90.000, -22.210, -108.013, -13.204, -140.000, 7.582
-22.210, -108.013, -13.204, -140.000, -30.498, -123.374, -13.385, -180.000, 8.640
-30.498, -123.374, -13.385, -180.000, -43.373, -131.571, -13.116, -180.000, 7.784
-43.373, -131.571, -13.116, -180.000, -63.941, -130.569, -13.604, -190.000, 7.300
-63.941, -130.569, -13.604, -190.000, -81.031, -129.699, -14.604, -240.000, 8.476
-81.031, -129.699, -14.604, -240.000, -93.039, -121.715, -13.958, 90.000, 7.708
-93.039, -121.715, -13.958, 90.000, -98.594, -106.563, -13.748, 90.000, 7.114
-98.594, -106.563, -13.748, 90.000, -101.350, -91.358, -13.607, 90.000, 7.493
-101.350, -91.358, -13.607, 90.000, -100.268, -75.832, -16.211, 90.000, 7.341
-100.268, -75.832, -16.211, 90.000, -99.243, -62.108, -16.645, 90.000, 7.366
-99.243, -62.108, -16.645, 90.000, -100.429, -45.414, -18.674, 90.000, 6.969
-100.429, -45.414, -18.674, 90.000, -100.514, -30.471, -21.026, 90.000, 7.625
-100.514, -30.471, -21.026, 90.000, -99.102, -10.111, -22.087, 70.000, 7.229
-99.102, -10.111, -22.087, 70.000, -97.291, 8.472, -23.704, 60.000, 8.436
-97.291, 8.472, -23.704, 60.000, -88.280, 24.739, -23.165, 40.000, 8.052
-88.280, 24.739, -23.165, 40.000, -78.226, 36.917, -22.285, 30.000, 8.036
-78.226, 36.917, -22.285, 30.000, -66.047, 45.403, -20.457, 30.000, 7.417
-66.047, 45.403, -20.457, 30.000, -54.529, 50.608, -19.903, 30.000, 7.207
-54.529, 50.608, -19.903, 30.000, -44.325, 56.742, -16.725, 10.000, 6.721
-44.325, 56.742, -16.725, 10.000, -32.994, 63.042, -12.953, -0.000, 6.559
-32.994, 63.042, -12.953, -0.000, -21.000, 66.455, -13.163, -20.000, 6.792
-21.000, 66.455, -13.163, -20.000, -7.370, 67.176, -10.256, -50.001, 6.683
-7.370, 67.176, -10.256, -50.001, 3.028, 58.933, -8.217, -60.000, 5.744
3.028, 58.933, -8.217, -60.000, 8.314, 51.953, -6.217, -80.000, 6.860
8.314, 51.953, -6.217, -80.000, 14.050, 42.951, -5.889, -90.000, 5.863
14.050, 42.951, -5.889, -90.000, 14.001, 35.194, -4.861, -90.000, 6.287
14.001, 35.194, -4.861, -90.000, 14.990, 22.739, -3.785, -100.000, 5.643
14.990, 22.739, -3.785, -100.000, 14.231, 14.157, -2.335, -130.000, 6.689
14.231, 14.157, -2.335, -130.000, 10.229, 6.910, -3.267, -160.000, 5.832
10.229, 6.910, -3.267, -160.000, 5.926, 1.249, -2.081, -180.000, 3.758
5.926, 1.249, -2.081, -180.000, 0.000, 0.000, -1.000, -180.000, 5.500