xi yi zi yawi xi+1 yi+1 zi+1 yawi+1 vi
-19.281, -0.630, -4.893, -210.000, -32.834, -0.880, -4.547, -230.000, 9.000
-32.834, -0.880, -4.547, -230.000, -44.644, 6.209, -4.171, -250.000, 6.991
-44.644, 6.209, -4.171, -250.000, -53.191, 17.964, -4.458, -250.000, 7.033
-53.191, 17.964, -4.458, -250.000, -58.276, 30.196, -4.969, -250.000, 7.180
-58.276, 30.196, -4.969, -250.000, -64.130, 44.313, -7.051, -230.000, 6.932
-64.130, 44.313, -7.051, -230.000, -68.846, 56.729, -10.886, -230.000, 7.324
-68.846, 56.729, -10.886, -230.000, -76.992, 65.138, -12.265, -220.000, 6.938
-76.992, 65.138, -12.265, -220.000, -86.553, 77.135, -13.676, -210.000, 6.635
-86.553, 77.135, -13.676, -210.000, -96.163, 85.013, -18.193, -200.000, 7.335
-96.163, 85.013, -18.193, -200.000, -103.706, 90.884, -20.060, -190.000, 6.774
-103.706, 90.884, -20.060, -190.000, -115.085, 96.343, -21.363, -180.000, 6.222
-115.085, 96.343, -21.363, -180.000, -126.233, 98.612, -20.528, -150.000, 6.811
-126.233, 98.612, -20.528, -150.000, -139.498, 98.043, -20.598, -140.000, 5.372
-139.498, 98.043, -20.598, -140.000, -148.270, 90.753, -18.100, -120.000, 6.938
-148.270, 90.753, -18.100, -120.000, -154.402, 83.625, -16.069, -100.000, 6.577
-154.402, 83.625, -16.069, -100.000, -160.311, 71.055, -14.681, -70.000, 6.192
-160.311, 71.055, -14.681, -70.000, -155.692, 57.429, -11.168, -70.000, 5.856
-155.692, 57.429, -11.168, -70.000, -147.102, 42.430, -10.655, -79.999, 7.151
-147.102, 42.430, -10.655, -79.999, -139.266, 23.316, -9.440, -90.000, 7.709
-139.266, 23.316, -9.440, -90.000, -135.120, 3.849, -10.350, -110.000, 8.359
-135.120, 3.849, -10.350, -110.000, -138.252, -8.923, -9.550, -110.000, 8.214
-138.252, -8.923, -9.550, -110.000, -143.791, -23.499, -9.895, -110.000, 6.913
-143.791, -23.499, -9.895, -110.000, -148.821, -38.465, -11.484, -140.000, 7.384
-148.821, -38.465, -11.484, -140.000, -152.518, -51.066, -10.631, -170.000, 7.421
-152.518, -51.066, -10.631, -170.000, -164.130, -58.474, -10.994, -210.000, 6.910
-164.130, -58.474, -10.994, -210.000, -177.783, -56.047, -10.000, -260.000, 5.833
-177.783, -56.047, -10.000, -260.000, -182.411, -47.677, -10.837, 50.000, 5.851
-182.411, -47.677, -10.837, 50.000, -180.691, -38.721, -11.913, 20.000, 4.223
-180.691, -38.721, -11.913, 20.000, -175.093, -30.742, -14.263, 0.000, 4.137
-175.093, -30.742, -14.263, 0.000, -165.698, -25.971, -15.778, -10.000, 6.258
-165.698, -25.971, -15.778, -10.000, -146.140, -25.002, -16.237, -30.000, 6.410
-146.140, -25.002, -16.237, -30.000, -130.669, -31.085, -16.146, -30.000, 8.152
-130.669, -31.085, -16.146, -30.000, -121.057, -37.830, -16.216, -30.000, 7.582
-121.057, -37.830, -16.216, -30.000, -105.371, -47.573, -14.082, -30.000, 6.642
-105.371, -47.573, -14.082, -30.000, -90.784, -56.177, -14.014, -0.000, 7.937
-90.784, -56.177, -14.014, -0.000, -79.544, -59.445, -13.709, -0.000, 7.642
-79.544, -59.445, -13.709, -0.000, -65.148, -58.592, -12.487, -0.000, 6.635
-65.148, -58.592, -12.487, -0.000, -50.166, -60.587, -13.010, -30.000, 7.158
-50.166, -60.587, -13.010, -30.000, -34.063, -58.120, -13.849, -80.000, 7.291
-34.063, -58.120, -13.849, -80.000, -22.138, -69.133, -13.842, -90.000, 7.518
-22.138, -69.133, -13.842, -90.000, -23.373, -84.005, -13.370, -90.000, 7.507
-23.373, -84.005, -13.370, -90.000, -24.206, -106.618, -14.086, -140.000, 7.254
-24.206, -106.618, -14.086, -140.000, -28.604, -122.868, -12.535, -180.000, 8.738
-28.604, -122.868, -12.535, -180.000, -42.270, -132.215, -12.759, -180.000, 7.623
-42.270, -132.215, -12.759, -180.000, -61.834, -129.997, -13.726, -190.000, 7.569
-61.834, -129.997, -13.726, -190.000, -81.068, -128.751, -13.994, -240.000, 8.172
-81.068, -128.751, -13.994, -240.000, -94.007, -121.718, -12.613, 90.000, 8.093
-94.007, -121.718, -12.613, 90.000, -100.806, -106.643, -14.552, 90.000, 7.217
-100.806, -106.643, -14.552, 90.000, -101.126, -91.639, -13.594, 90.000, 7.565
-101.126, -91.639, -13.594, 90.000, -99.550, -77.349, -15.578, 90.000, 7.271
-99.550, -77.349, -15.578, 90.000, -100.411, -63.739, -15.763, 90.000, 7.149
-100.411, -63.739, -15.763, 90.000, -101.006, -45.548, -18.988, 90.000, 7.007
-101.006, -45.548, -18.988, 90.000, -100.065, -30.059, -23.117, 90.000, 7.886
-100.065, -30.059, -23.117, 90.000, -99.685, -9.915, -22.304, 70.000, 7.369
-99.685, -9.915, -22.304, 70.000, -95.101, 9.348, -24.505, 60.000, 8.261
-95.101, 9.348, -24.505, 60.000, -87.793, 26.000, -24.123, 40.000, 8.194
-87.793, 26.000, -24.123, 40.000, -78.995, 38.615, -23.109, 30.000, 7.883
-78.995, 38.615, -23.109, 30.000, -66.214, 46.455, -22.727, 30.000, 7.343
-66.214, 46.455, -22.727, 30.000, -55.781, 52.646, -20.712, 30.000, 7.268
-55.781, 52.646, -20.712, 30.000, -45.198, 56.911, -15.728, 10.000, 6.717
-45.198, 56.911, -15.728, 10.000, -32.227, 63.125, -13.491, -0.000, 6.578
-32.227, 63.125, -13.491, -0.000, -19.495, 66.925, -11.153, -20.000, 7.151
-19.495, 66.925, -11.153, -20.000, -8.290, 64.371, -10.132, -50.001, 6.940
-8.290, 64.371, -10.132, -50.001, 3.403, 60.179, -8.941, -60.000, 5.394
3.403, 60.179, -8.941, -60.000, 8.334, 53.627, -4.960, -80.000, 6.773
8.334, 53.627, -4.960, -80.000, 13.572, 44.520, -6.165, -90.000, 5.960
13.572, 44.520, -6.165, -90.000, 15.782, 34.371, -3.137, -90.000, 6.404
15.782, 34.371, -3.137, -90.000, 15.630, 24.498, -2.532, -100.000, 6.381
15.630, 24.498, -2.532, -100.000, 13.682, 13.430, -3.170, -130.000, 6.282
13.682, 13.430, -3.170, -130.000, 10.895, 6.865, -1.854, -160.000, 6.545
10.895, 6.865, -1.854, -160.000, 7.125, 2.443, -0.376, -180.000, 3.754
7.125, 2.443, -0.376, -180.000, 0.000, 0.000, -1.000, -180.000, 5.500