xi yi zi yawi xi+1 yi+1 zi+1 yawi+1 vi
0 -19.425, 0.553, -4.780, -210.000, -34.039, 0.753, -4.695, -230.000, 7.258
1 -34.039, 0.753, -4.695, -230.000, -45.611, 5.924, -4.665, -250.000, 6.833
2 -45.611, 5.924, -4.665, -250.000, -53.268, 16.974, -3.654, -250.000, 7.001
3 -53.268, 16.974, -3.654, -250.000, -59.919, 30.264, -5.576, -250.000, 7.312
4 -59.919, 30.264, -5.576, -250.000, -64.404, 43.823, -8.133, -230.000, 7.185
5 -64.404, 43.823, -8.133, -230.000, -68.344, 57.874, -10.301, -230.000, 7.253
6 -68.344, 57.874, -10.301, -230.000, -77.263, 66.821, -11.031, -220.000, 6.824
7 -77.263, 66.821, -11.031, -220.000, -86.735, 76.762, -13.899, -210.000, 7.064
8 -86.735, 76.762, -13.899, -210.000, -94.902, 86.346, -16.727, -200.000, 6.815
9 -94.902, 86.346, -16.727, -200.000, -105.260, 91.885, -18.660, -190.000, 6.630
10 -105.260, 91.885, -18.660, -190.000, -115.649, 95.458, -22.191, -180.000, 6.464
11 -115.649, 95.458, -22.191, -180.000, -126.637, 97.318, -21.949, -150.000, 5.298
12 -126.637, 97.318, -21.949, -150.000, -138.576, 98.474, -18.333, -140.000, 6.684
13 -138.576, 98.474, -18.333, -140.000, -149.292, 90.787, -17.634, -120.000, 6.945
14 -149.292, 90.787, -17.634, -120.000, -154.366, 82.253, -15.663, -100.000, 6.232
15 -154.366, 82.253, -15.663, -100.000, -161.071, 69.659, -14.488, -70.000, 7.182
16 -161.071, 69.659, -14.488, -70.000, -156.198, 58.120, -11.221, -70.000, 6.801
17 -156.198, 58.120, -11.221, -70.000, -145.840, 40.976, -11.324, -79.999, 8.443
18 -145.840, 40.976, -11.324, -79.999, -140.167, 25.066, -10.970, -90.000, 7.756
19 -140.167, 25.066, -10.970, -90.000, -135.784, 3.693, -10.202, -110.000, 8.835
20 -135.784, 3.693, -10.202, -110.000, -137.687, -7.595, -11.327, -110.000, 6.564
21 -137.687, -7.595, -11.327, -110.000, -142.650, -24.635, -11.656, -110.000, 7.944
22 -142.650, -24.635, -11.656, -110.000, -149.117, -37.829, -10.414, -140.000, 7.275
23 -149.117, -37.829, -10.414, -140.000, -151.118, -50.237, -9.897, -170.000, 6.810
24 -151.118, -50.237, -9.897, -170.000, -162.183, -59.480, -9.935, -210.000, 7.215
25 -162.183, -59.480, -9.935, -210.000, -175.698, -56.439, -10.589, -260.000, 5.891
26 -175.698, -56.439, -10.589, -260.000, -183.498, -47.778, -9.950, 50.000, 5.410
27 -183.498, -47.778, -9.950, 50.000, -180.664, -38.465, -11.708, 20.000, 4.190
28 -180.664, -38.465, -11.708, 20.000, -175.221, -29.319, -15.133, 0.000, 6.388
29 -175.221, -29.319, -15.133, 0.000, -165.741, -26.349, -16.106, -10.000, 6.233
30 -165.741, -26.349, -16.106, -10.000, -146.714, -24.747, -18.403, -30.000, 8.238
31 -146.714, -24.747, -18.403, -30.000, -132.797, -31.763, -17.647, -30.000, 7.470
32 -132.797, -31.763, -17.647, -30.000, -120.806, -37.340, -15.251, -30.000, 6.954
33 -120.806, -37.340, -15.251, -30.000, -106.448, -47.217, -14.389, -30.000, 7.874
34 -106.448, -47.217, -14.389, -30.000, -90.836, -55.188, -12.062, -0.000, 7.896
35 -90.836, -55.188, -12.062, -0.000, -78.828, -59.642, -14.598, -0.000, 6.862
36 -78.828, -59.642, -14.598, -0.000, -64.011, -60.549, -13.666, -0.000, 7.308
37 -64.011, -60.549, -13.666, -0.000, -49.972, -58.425, -14.305, -30.000, 7.167
38 -49.972, -58.425, -14.305, -30.000, -32.941, -60.372, -13.978, -80.000, 7.811
39 -32.941, -60.372, -13.978, -80.000, -22.186, -68.834, -13.367, -90.000, 7.054
40 -22.186, -68.834, -13.367, -90.000, -22.321, -84.918, -14.301, -90.000, 7.580
41 -22.321, -84.918, -14.301, -90.000, -24.043, -106.273, -13.318, -140.000, 8.749
42 -24.043, -106.273, -13.318, -140.000, -29.605, -121.858, -14.636, -180.000, 7.681
43 -29.605, -121.858, -14.636, -180.000, -40.902, -131.471, -13.588, -180.000, 7.306
44 -40.902, -131.471, -13.588, -180.000, -61.383, -130.537, -13.163, -190.000, 8.547
45 -61.383, -130.537, -13.163, -190.000, -80.000, -130.960, -13.718, -240.000, 8.135
46 -80.000, -130.960, -13.718, -240.000, -94.750, -120.999, -12.509, 90.000, 7.955
47 -94.750, -120.999, -12.509, 90.000, -98.946, -107.694, -13.210, 90.000, 7.113
48 -98.946, -107.694, -13.210, 90.000, -99.137, -91.903, -12.720, 90.000, 7.516
49 -99.137, -91.903, -12.720, 90.000, -101.380, -76.278, -15.205, 90.000, 7.514
50 -101.380, -76.278, -15.205, 90.000, -101.301, -62.818, -17.172, 90.000, 7.005
51 -101.301, -62.818, -17.172, 90.000, -98.989, -44.517, -20.098, 90.000, 8.097
52 -98.989, -44.517, -20.098, 90.000, -100.694, -29.679, -23.032, 90.000, 7.328
53 -100.694, -29.679, -23.032, 90.000, -99.562, -12.418, -21.424, 70.000, 7.845
54 -99.562, -12.418, -21.424, 70.000, -96.067, 10.734, -24.119, 60.000, 9.184
55 -96.067, 10.734, -24.119, 60.000, -87.251, 24.360, -24.098, 40.000, 7.611
56 -87.251, 24.360, -24.098, 40.000, -79.102, 37.775, -22.476, 30.000, 7.495
57 -79.102, 37.775, -22.476, 30.000, -66.915, 45.212, -21.876, 30.000, 7.184
58 -66.915, 45.212, -21.876, 30.000, -54.799, 51.017, -20.844, 30.000, 7.000
59 -54.799, 51.017, -20.844, 30.000, -46.607, 57.832, -17.281, 10.000, 6.391
60 -46.607, 57.832, -17.281, 10.000, -33.924, 62.419, -13.037, -0.000, 7.011
61 -33.924, 62.419, -13.037, -0.000, -20.591, 65.024, -12.089, -20.000, 7.032
62 -20.591, 65.024, -12.089, -20.000, -8.347, 64.692, -9.398, -50.001, 5.540
63 -8.347, 64.692, -9.398, -50.001, 2.988, 60.455, -6.432, -60.000, 6.708
64 2.988, 60.455, -6.432, -60.000, 7.513, 53.373, -5.390, -80.000, 5.898
65 7.513, 53.373, -5.390, -80.000, 14.589, 42.969, -5.273, -90.000, 6.813
66 14.589, 42.969, -5.273, -90.000, 15.742, 34.311, -3.123, -90.000, 5.971
67 15.742, 34.311, -3.123, -90.000, 15.654, 23.730, -2.565, -100.000, 6.375
68 15.654, 23.730, -2.565, -100.000, 15.215, 15.058, -3.576, -130.000, 5.959
69 15.215, 15.058, -3.576, -130.000, 10.225, 6.061, -2.882, -160.000, 5.111
70 10.225, 6.061, -2.882, -160.000, 5.410, 1.569, -1.599, -180.000, 5.500
71 5.410, 1.569, -1.599, -180.000, 0.000, 0.000, -1.000, -180.000, 9.500